9.999999999999999124e-05 1.435813210789140726e+02
1.097498765493055609e-04 1.643512740490338899e+02
1.204503540258782478e-04 1.817687727972716516e+02
1.321941148466028513e-04 1.986436073130467435e+02
1.450828778495940057e-04 2.120530917018520256e+02
1.592282793341092296e-04 2.385431287459544194e+02
1.747528400007683210e-04 2.614908300358391671e+02
1.917910261672488628e-04 2.852065608485975758e+02
2.104904144512019537e-04 3.131990995005535865e+02
2.310129700083160239e-04 3.431482831522724268e+02
2.535364493970111472e-04 3.754654607338710548e+02
2.782559402207125773e-04 4.104217406811418414e+02
3.053855508833415249e-04 4.493444212882049555e+02
3.351602650938840557e-04 4.913932067770134609e+02
3.678379771828634167e-04 5.369688431112977014e+02
4.037017258596553842e-04 5.871997255102413646e+02
4.430621457583881957e-04 6.419217128605423568e+02
4.862601580065353422e-04 7.015048941309034944e+02
5.336699231206312212e-04 7.664051611615923321e+02
5.857020818056667437e-04 8.371365788220424520e+02
6.428073117284319269e-04 9.141510015687671284e+02
7.054802310718646333e-04 9.978215626155435984e+02
7.742636826811269846e-04 1.088846625459251527e+03
8.497534359086446505e-04 1.188220370253104647e+03
9.326033468832199040e-04 1.295662078302569398e+03
1.023531021899026696e-03 1.412398354911980277e+03
1.123324032978027624e-03 1.538597575683209698e+03
1.232846739442065853e-03 1.675025064562546959e+03
1.353047774579807429e-03 1.823132156330326325e+03
1.484968262254465028e-03 1.982107837675851670e+03
1.629750834620643336e-03 2.152519857788010540e+03
1.788649529057435026e-03 2.336180020369489284e+03
1.963040650040272575e-03 2.532824659776022145e+03
2.154434690031884706e-03 2.742764829985209872e+03
2.364489412645406994e-03 2.966030056905901347e+03
2.595024211399737154e-03 3.203628628886031038e+03
2.848035868435802066e-03 3.454657954941637399e+03
3.125715849688234967e-03 3.719102486754168240e+03
3.430469286314919049e-03 3.995890848006667966e+03
3.764935806792471442e-03 4.285260147685348784e+03
4.132012400115338442e-03 4.586286907657493430e+03
4.534878508128581745e-03 4.895740693472348539e+03
4.977023564332113716e-03 5.211951443175803433e+03
5.462277217684342531e-03 5.533058642812826292e+03
5.994842503189408769e-03 5.854733061128777990e+03
6.579332246575681983e-03 6.175548576345717265e+03
7.220809018385471005e-03 6.490378094807968409e+03
7.924828983539177266e-03 6.794838628387125937e+03
8.697490026177834635e-03 7.082882233907776026e+03
9.545484566618347641e-03 7.349673250295340040e+03
1.047615752789665157e-02 7.588698751505002292e+03
1.149756995397736847e-02 7.792646436679601720e+03
1.261856883066020917e-02 7.954802594032114030e+03
1.384886371393873050e-02 8.069632119819601030e+03
1.519911082952934804e-02 8.129918012042779992e+03
1.668100537200058880e-02 8.129245594030003303e+03
1.830738280295369710e-02 8.061855027755695119e+03
2.009233002565047679e-02 7.926607231007033988e+03
2.205130739903045367e-02 7.720430106383034399e+03
2.420128264794383158e-02 7.445964225270459792e+03
2.656087782946686682e-02 7.109416896217391695e+03
2.915053062825178828e-02 6.719399890155434150e+03
3.199267137797384697e-02 6.291335367614957249e+03
3.511191734215134835e-02 5.840601668052394416e+03
3.853528593710531247e-02 5.391479882378787806e+03
4.229242874389498724e-02 4.963831670887785549e+03
4.641588833612782239e-02 4.570510756238788417e+03
5.094138014816380206e-02 4.220524107055616696e+03
5.590810182512228471e-02 3.910859584524151160e+03
6.135907273413176294e-02 3.622830464623389616e+03
6.734150657750827274e-02 3.332296768395550316e+03
7.390722033525781720e-02 3.012530304892635741e+03
8.111308307896872294e-02 2.658408154479604491e+03
8.902150854450392725e-02 2.297269425150863754e+03
9.770099572992255177e-02 1.977087676166239135e+03
1.072267222010324234e-01 1.734713815257058286e+03
1.176811952434999031e-01 1.559439412538904890e+03
1.291549665014883885e-01 1.394983343100685715e+03
1.417474162926806169e-01 1.196209575709669480e+03
1.555676143930472266e-01 9.952184176162330687e+02
1.707352647470692097e-01 8.535268714062847266e+02
1.873817422860384885e-01 7.545333985022886054e+02
2.056512308348653617e-01 6.382322419604498691e+02
2.257019719633921451e-01 5.281679007075231311e+02
2.477076355991711387e-01 4.565763844932355937e+02
2.718588242732942750e-01 3.826363853670562207e+02
2.983647240283340274e-01 3.189350579789028757e+02
3.274549162877731789e-01 2.695612161829997149e+02
3.593813663804629743e-01 2.230527729939536243e+02
3.944206059437659895e-01 1.865487603964263030e+02
4.328761281083061130e-01 1.545253114347648591e+02
4.750810162102798162e-01 1.278325838635023217e+02
5.214008287999689628e-01 1.057052238740398167e+02
5.722367659350219293e-01 8.708922224008622948e+01
6.280291441834259247e-01 7.160896335176255434e+01
6.892612104349701285e-01 5.877583039175085844e+01
7.564633275546290836e-01 4.816782641625465544e+01
8.302175681319752254e-01 3.940625463451532084e+01
9.111627561154895805e-01 3.219384865930209116e+01
1.000000000000000000e+00 2.626752638752856939e+01
