9.999999999999999124e-05 9.587012907130481675e+06
1.097498765493055609e-04 9.806289618448382244e+06
1.204503540258782478e-04 9.859653527896055952e+06
1.321941148466028513e-04 9.854240365170018747e+06
1.450828778495940057e-04 9.734014694905400276e+06
1.592282793341092296e-04 9.870450778254771605e+06
1.747528400007683210e-04 9.880196947839308530e+06
1.917910261672488628e-04 9.865088011409241706e+06
2.104904144512019537e-04 9.883603147886652499e+06
2.310129700083160239e-04 9.890763107299055904e+06
2.535364493970111472e-04 9.891398970991384238e+06
2.782559402207125773e-04 9.887164065718475729e+06
3.053855508833415249e-04 9.890769417385099456e+06
3.351602650938840557e-04 9.888691145917659625e+06
3.678379771828634167e-04 9.882859483534060419e+06
4.037017258596553842e-04 9.880634567075364292e+06
4.430621457583881957e-04 9.876811986284878105e+06
4.862601580065353422e-04 9.871313500515975058e+06
5.336699231206312212e-04 9.864444663194023073e+06
5.857020818056667437e-04 9.856561325775196776e+06
6.428073117284319269e-04 9.847365937054513022e+06
7.054802310718646333e-04 9.836064953955076635e+06
7.742636826811269846e-04 9.823407019110728055e+06
8.497534359086446505e-04 9.810951281979545951e+06
9.326033468832199040e-04 9.794726977562712505e+06
1.023531021899026696e-03 9.777073965662792325e+06
1.123324032978027624e-03 9.756109352002136409e+06
1.232846739442065853e-03 9.732146347071040422e+06
1.353047774579807429e-03 9.707130986323157325e+06
1.484968262254465028e-03 9.676744897681821138e+06
1.629750834620643336e-03 9.641022012723606080e+06
1.788649529057435026e-03 9.602547899914165959e+06
1.963040650040272575e-03 9.559159999769840389e+06
2.154434690031884706e-03 9.510323549085116014e+06
2.364489412645406994e-03 9.455241341452674940e+06
2.595024211399737154e-03 9.394848174183644354e+06
2.848035868435802066e-03 9.327280738552637398e+06
3.125715849688234967e-03 9.252422008184889331e+06
3.430469286314919049e-03 9.169106274446615949e+06
3.764935806792471442e-03 9.078051299544816837e+06
4.132012400115338442e-03 8.978803864641251042e+06
4.534878508128581745e-03 8.869127880275221542e+06
4.977023564332113716e-03 8.748945923882573843e+06
5.462277217684342531e-03 8.618308315603571013e+06
5.994842503189408769e-03 8.475723449685474858e+06
6.579332246575681983e-03 8.322328186773233116e+06
7.220809018385471005e-03 8.156914383098775521e+06
7.924828983539177266e-03 7.979291245449589565e+06
8.697490026177834635e-03 7.788675182612768374e+06
9.545484566618347641e-03 7.585364176841840148e+06
1.047615752789665157e-02 7.369023055305668153e+06
1.149756995397736847e-02 7.139249885585257784e+06
1.261856883066020917e-02 6.896180797920102254e+06
1.384886371393873050e-02 6.640559038426089101e+06
1.519911082952934804e-02 6.372424449971425347e+06
1.668100537200058880e-02 6.092149788722688332e+06
1.830738280295369710e-02 5.800250914177217521e+06
2.009233002565047679e-02 5.498659118491765112e+06
2.205130739903045367e-02 5.188211997938193381e+06
2.420128264794383158e-02 4.871259624821200967e+06
2.656087782946686682e-02 4.550735915679426864e+06
2.915053062825178828e-02 4.229740512838064693e+06
3.199267137797384697e-02 3.912944946633052081e+06
3.511191734215134835e-02 3.604499352669559419e+06
3.853528593710531247e-02 3.310960431941174902e+06
4.229242874389498724e-02 3.037332641218308359e+06
4.641588833612782239e-02 2.786442211739925668e+06
5.094138014816380206e-02 2.559968986454016529e+06
5.590810182512228471e-02 2.355979251280898694e+06
6.135907273413176294e-02 2.167919708966237493e+06
6.734150657750827274e-02 1.987809960595971905e+06
7.390722033525781720e-02 1.806976801851372235e+06
8.111308307896872294e-02 1.622861784317247337e+06
8.902150854450392725e-02 1.442316287582603516e+06
9.770099572992255177e-02 1.279237978771406924e+06
1.072267222010324234e-01 1.145608261862884276e+06
1.176811952434999031e-01 1.038461284237084794e+06
1.291549665014883885e-01 9.390190568724690238e+05
1.417474162926806169e-01 8.313374995252032531e+05
1.555676143930472266e-01 7.249645560804092092e+05
1.707352647470692097e-01 6.418743328554014442e+05
1.873817422860384885e-01 5.769849466826871503e+05
2.056512308348653617e-01 5.073392435681174975e+05
2.257019719633921451e-01 4.412441161196149187e+05
2.477076355991711387e-01 3.922233874901033123e+05
2.718588242732942750e-01 3.432841366189708351e+05
2.983647240283340274e-01 2.996370901033535483e+05
3.274549162877731789e-01 2.633643473978097900e+05
3.593813663804629743e-01 2.290424237406346656e+05
3.944206059437659895e-01 2.002590444347573793e+05
4.328761281083061130e-01 1.742527368448755296e+05
4.750810162102798162e-01 1.515250430992248585e+05
5.214008287999689628e-01 1.317333378530908667e+05
5.722367659350219293e-01 1.143177097900165827e+05
6.280291441834259247e-01 9.910574739039166889e+04
6.892612104349701285e-01 8.584171247403949383e+04
7.564633275546290836e-01 7.429530142352583061e+04
8.302175681319752254e-01 6.424646585882343788e+04
9.111627561154895805e-01 5.551840111456187879e+04
1.000000000000000000e+00 4.794506681796003249e+04
