9.999999999999999124e-05 9.588206744129147381e+06
1.097498765493055609e-04 9.807546785061351955e+06
1.204503540258782478e-04 9.860961056961618364e+06
1.321941148466028513e-04 9.855596777890432626e+06
1.450828778495940057e-04 9.735405856746125966e+06
1.592282793341092296e-04 9.871873358542807400e+06
1.747528400007683210e-04 9.881643464701443911e+06
1.917910261672488628e-04 9.866553996296960860e+06
2.104904144512019537e-04 9.885085192499596626e+06
2.310129700083160239e-04 9.892256368465540931e+06
2.535364493970111472e-04 9.892902874975878745e+06
2.782559402207125773e-04 9.888676710037618876e+06
3.053855508833415249e-04 9.892289386928580701e+06
3.351602650938840557e-04 9.890217021247493103e+06
3.678379771828634167e-04 9.884390118720361963e+06
4.037017258596553842e-04 9.882169253284825012e+06
4.430621457583881957e-04 9.878349864060936496e+06
4.862601580065353422e-04 9.872853978123214096e+06
5.336699231206312212e-04 9.865987349467596039e+06
5.857020818056667437e-04 9.858105476074052975e+06
6.428073117284319269e-04 9.848911043609447777e+06
7.054802310718646333e-04 9.837609521896794438e+06
7.742636826811269846e-04 9.824956238206194714e+06
8.497534359086446505e-04 9.812502581851931289e+06
9.326033468832199040e-04 9.796280451280601323e+06
1.023531021899026696e-03 9.778630107421901077e+06
1.123324032978027624e-03 9.757668865065043792e+06
1.232846739442065853e-03 9.733708547926278785e+06
1.353047774579807429e-03 9.708696139036150649e+06
1.484968262254465028e-03 9.678312334434527904e+06
1.629750834620643336e-03 9.642590011716226116e+06
1.788649529057435026e-03 9.604116686362992972e+06
1.963040650040272575e-03 9.560731677941258997e+06
2.154434690031884706e-03 9.511900188522590324e+06
2.364489412645406994e-03 9.456822849391847849e+06
2.595024211399737154e-03 9.396435128249585629e+06
2.848035868435802066e-03 9.328875760455057025e+06
3.125715849688234967e-03 9.254024873081944883e+06
3.430469286314919049e-03 9.170721912596054375e+06
3.764935806792471442e-03 9.079678199716137722e+06
4.132012400115338442e-03 8.980444477180270478e+06
4.534878508128581745e-03 8.870784274895748124e+06
4.977023564332113716e-03 8.750619451413454488e+06
5.462277217684342531e-03 8.620003736878646538e+06
5.994842503189408769e-03 8.477441834012947977e+06
6.579332246575681983e-03 8.324073782407197170e+06
7.220809018385471005e-03 8.158697390372347087e+06
7.924828983539177266e-03 7.981116238766017370e+06
8.697490026177834635e-03 7.790545425006599165e+06
9.545484566618347641e-03 7.587290765627141111e+06
1.047615752789665157e-02 7.371013242448824458e+06
1.149756995397736847e-02 7.141314670865996741e+06
1.261856883066020917e-02 6.898329324781645089e+06
1.384886371393873050e-02 6.642800006293350831e+06
1.519911082952934804e-02 6.374768676798374392e+06
1.668100537200058880e-02 6.094606872640571557e+06
1.830738280295369710e-02 5.802828245558694936e+06
2.009233002565047679e-02 5.501360772960658185e+06
2.205130739903045367e-02 5.191038641288110986e+06
2.420128264794383158e-02 4.874204105748647824e+06
2.656087782946686682e-02 4.553778854721169919e+06
2.915053062825178828e-02 4.232852461887949146e+06
3.199267137797384697e-02 3.916080594908871222e+06
3.511191734215134835e-02 3.607596859545487445e+06
3.853528593710531247e-02 3.313945534631362185e+06
4.229242874389498724e-02 3.040123090575078037e+06
4.641588833612782239e-02 2.788957655095877592e+06
5.094138014816380206e-02 2.562147534450008068e+06
5.590810182512228471e-02 2.357798690767828375e+06
6.135907273413176294e-02 2.169412479796411935e+06
6.734150657750827274e-02 1.989065006906374823e+06
7.390722033525781720e-02 1.808120863852313021e+06
8.111308307896872294e-02 1.624007839864401380e+06
8.902150854450392725e-02 1.443503375012211734e+06
9.770099572992255177e-02 1.280399620862841140e+06
1.072267222010324234e-01 1.146615350420641014e+06
1.176811952434999031e-01 1.039237435492054676e+06
1.291549665014883885e-01 9.396317443946299609e+05
1.417474162926806169e-01 8.319335013641266851e+05
1.555676143930472266e-01 7.255839350947439671e+05
1.707352647470692097e-01 6.424077893848583335e+05
1.873817422860384885e-01 5.773878738140579080e+05
2.056512308348653617e-01 5.077163988403403782e+05
2.257019719633921451e-01 4.416098586461616214e+05
2.477076355991711387e-01 3.925111096827535657e+05
2.718588242732942750e-01 3.435466157480395050e+05
2.983647240283340274e-01 2.998712527302220697e+05
3.274549162877731789e-01 2.635615793587376829e+05
3.593813663804629743e-01 2.292202150544275646e+05
3.944206059437659895e-01 2.004110851486623869e+05
4.328761281083061130e-01 1.743858414250492933e+05
4.750810162102798162e-01 1.516412919750575675e+05
5.214008287999689628e-01 1.318337758512760047e+05
5.722367659350219293e-01 1.144049204363501194e+05
6.280291441834259247e-01 9.918141272223101987e+04
6.892612104349701285e-01 8.590724581360268348e+04
7.564633275546290836e-01 7.435200942331431725e+04
8.302175681319752254e-01 6.429549352078269294e+04
9.111627561154895805e-01 5.556076231313627795e+04
1.000000000000000000e+00 4.798164665131412039e+04
