9.999999999999999124e-05 9.580606627279266715e+06
1.097498765493055609e-04 9.799543503902347758e+06
1.204503540258782478e-04 9.852637162079820409e+06
1.321941148466028513e-04 9.846961683498702943e+06
1.450828778495940057e-04 9.726549545073391870e+06
1.592282793341092296e-04 9.862817033073343337e+06
1.747528400007683210e-04 9.872434755983378738e+06
1.917910261672488628e-04 9.857221351673545316e+06
2.104904144512019537e-04 9.875650309640623629e+06
2.310129700083160239e-04 9.882750079612562433e+06
2.535364493970111472e-04 9.883328832601642236e+06
2.782559402207125773e-04 9.879047025591041893e+06
3.053855508833415249e-04 9.882613069180313498e+06
3.351602650938840557e-04 9.880503106518743560e+06
3.678379771828634167e-04 9.874645902145205066e+06
4.037017258596553842e-04 9.872399247385498136e+06
4.430621457583881957e-04 9.868559540246250108e+06
4.862601580065353422e-04 9.863047103455448523e+06
5.336699231206312212e-04 9.856166414151484147e+06
5.857020818056667437e-04 9.848275220588423312e+06
6.428073117284319269e-04 9.839074700477050617e+06
7.054802310718646333e-04 9.827776607644060627e+06
7.742636826811269846e-04 9.815093714122265577e+06
8.497534359086446505e-04 9.802626811279796064e+06
9.326033468832199040e-04 9.786390841733932495e+06
1.023531021899026696e-03 9.768723512788441032e+06
1.123324032978027624e-03 9.747740808286555111e+06
1.232846739442065853e-03 9.723763380322933197e+06
1.353047774579807429e-03 9.698732179534181952e+06
1.484968262254465028e-03 9.668333834447769448e+06
1.629750834620643336e-03 9.632607932439308614e+06
1.788649529057435026e-03 9.594129594040576369e+06
1.963040650040272575e-03 9.550726176548223943e+06
2.154434690031884706e-03 9.501863103084350005e+06
2.364489412645406994e-03 9.446754770457992330e+06
2.595024211399737154e-03 9.386332378586072475e+06
2.848035868435802066e-03 9.318721649927349761e+06
3.125715849688234967e-03 9.243820833061562851e+06
3.430469286314919049e-03 9.160436556440580636e+06
3.764935806792471442e-03 9.069321148109456524e+06
4.132012400115338442e-03 8.970000130911996588e+06
4.534878508128581745e-03 8.860239457906827331e+06
4.977023564332113716e-03 8.739965564157139510e+06
5.462277217684342531e-03 8.609210471286481246e+06
5.994842503189408769e-03 8.466502382734099403e+06
6.579332246575681983e-03 8.312961100520469248e+06
7.220809018385471005e-03 8.147346541271100752e+06
7.924828983539177266e-03 7.969498101222448051e+06
8.697490026177834635e-03 7.778639226131367497e+06
9.545484566618347641e-03 7.575025858519779518e+06
1.047615752789665157e-02 7.358343460177020170e+06
1.149756995397736847e-02 7.128169987445180304e+06
1.261856883066020917e-02 6.884651531899460591e+06
1.384886371393873050e-02 6.628533722314001992e+06
1.519911082952934804e-02 6.359845033262990415e+06
1.668100537200058880e-02 6.078964766635521315e+06
1.830738280295369710e-02 5.786420629039875232e+06
2.009233002565047679e-02 5.484161699992965907e+06
2.205130739903045367e-02 5.173043873345481232e+06
2.420128264794383158e-02 4.855459168930770829e+06
2.656087782946686682e-02 4.534407121134287678e+06
2.915053062825178828e-02 4.213041401888607070e+06
3.199267137797384697e-02 3.896118662649281323e+06
3.511191734215134835e-02 3.587877740246390924e+06
3.853528593710531247e-02 3.294941994550368283e+06
4.229242874389498724e-02 3.022358738156089094e+06
4.641588833612782239e-02 2.772944025550252292e+06
5.094138014816380206e-02 2.548278623240926769e+06
5.590810182512228471e-02 2.346215909603058361e+06
6.135907273413176294e-02 2.159909312486215960e+06
6.734150657750827274e-02 1.981075223860837519e+06
7.390722033525781720e-02 1.800837620913471095e+06
8.111308307896872294e-02 1.616711905759026762e+06
8.902150854450392725e-02 1.435946226769921603e+06
9.770099572992255177e-02 1.273004460851459065e+06
1.072267222010324234e-01 1.140204097690425115e+06
1.176811952434999031e-01 1.034296358747453545e+06
1.291549665014883885e-01 9.357312983822413953e+05
1.417474162926806169e-01 8.281392785149239935e+05
1.555676143930472266e-01 7.216408901995288907e+05
1.707352647470692097e-01 6.390117378612951143e+05
1.873817422860384885e-01 5.748227888955745148e+05
2.056512308348653617e-01 5.053153808264519903e+05
2.257019719633921451e-01 4.392814956101416610e+05
2.477076355991711387e-01 3.906794339289531927e+05
2.718588242732942750e-01 3.418756405195900588e+05
2.983647240283340274e-01 2.983805439248616458e+05
3.274549162877731789e-01 2.623059758288934827e+05
3.593813663804629743e-01 2.280883731352793111e+05
3.944206059437659895e-01 1.994431747949801502e+05
4.328761281083061130e-01 1.735384808861268102e+05
4.750810162102798162e-01 1.509012369751007063e+05
5.214008287999689628e-01 1.311943748918248748e+05
5.722367659350219293e-01 1.138497264664620889e+05
6.280291441834259247e-01 9.869971768002110184e+04
6.892612104349701285e-01 8.549005231164238648e+04
7.564633275546290836e-01 7.399099914703932882e+04
8.302175681319752254e-01 6.398337724344899470e+04
9.111627561154895805e-01 5.529108558220377017e+04
1.000000000000000000e+00 4.774877482027607766e+04
