0.6347989561186471
0.6636678212978702
0.6371213818748833
0.638869242441689
0.6330602439011658
0.6285158164216965
0.6160824226414772
0.6142460043448826
0.6026904874535617
0.6207191185740498
0.6295147258600835
0.6488863365491614
0.599388933237633
0.6310498172943703
0.620326308130679
0.6478685035235402
0.6418158276472274
0.6597850901025272
0.6541573271956065
0.6493740767780689
0.6412633932367262
0.6107627820597292
0.6061642378171581
0.5808860703667531
0.578125738997317
0.5820306226399267
0.579718516406863
0.5777464718610356
0.5799606598707441
0.5612956827782506
0.5722148622157964
0.57423653573057
0.5650330008306127
0.5898174499383799
0.5919929853430232
0.6178145667212573
0.6071879242072663
0.6167948476531016
0.595955735500202
0.5892401664899114
0.6083762791426904
0.6089607181119606
0.5955858947593345
0.5944903774628095
0.5886068375765527
0.5886504748082554
0.6364678781594146
0.6380070842286207
0.6457578976091513
0.6448918041008853
0.6337535919250952
0.6640518397259231
0.6337422425731312
