0.6337570086843402
0.663604269829977
0.6366889303818114
0.6384751126370317
0.6325937726513636
0.6279061730994726
0.6152062783664854
0.6133051943348528
0.6017441494179172
0.6202669942407073
0.6294276637380313
0.6483714894321484
0.5977653765356171
0.6302617749928631
0.6193548766202508
0.6470813053723331
0.6409295290293251
0.6595830685176344
0.653862661205525
0.6489862118108305
0.6407046256219616
0.6097634909838914
0.60506993920254
0.5791973183450947
0.5764536621111304
0.5805545948042091
0.5778352289895031
0.5758527020333929
0.5780146308036175
0.5591768291466603
0.5703040183170079
0.572269071031458
0.5628581866196731
0.5882535657499073
0.5902829357784335
0.6167847204428505
0.6060093008504015
0.6158088110074271
0.5944986848899133
0.5874478755127986
0.6071365414675665
0.6077354654885594
0.5942321818035954
0.5931425433688452
0.5871214131811847
0.5871681563839327
0.6360180272417245
0.6375912338910016
0.6455599766028248
0.6447927719298773
0.6333785695965158
0.6637071883816753
0.632935055832588
