9.999999999999999124e-05 1.355706471579550225e+02
1.123324032978027678e-04 1.515758365943671322e+02
1.261856883066021025e-04 1.694684080763377096e+02
1.417474162926804591e-04 1.894701123617306280e+02
1.592282793341092296e-04 2.118284072515004652e+02
1.788649529057435297e-04 2.368192234088802763e+02
2.009233002565047864e-04 2.647502998704835022e+02
2.257019719633919052e-04 2.959643077439073977e+02
2.535364493970111472e-04 3.308425795792868485e+02
2.848035868435801633e-04 3.698091987524358046e+02
3.199267137797384393e-04 4.133348022739294834e+02
3.593813663804625697e-04 4.619412218687802465e+02
4.037017258596553842e-04 5.162060753951878951e+02
4.534878508128581853e-04 5.767669948388842158e+02
5.094138014816380119e-04 6.443266927866088736e+02
5.722367659350219510e-04 7.196576373029751039e+02
6.428073117284319269e-04 8.036056689650582712e+02
7.220809018385463849e-04 8.970950569069524363e+02
8.111308307896872294e-04 1.001130979318166169e+03
9.111627561154886628e-04 1.116802038543925391e+03
1.023531021899026696e-03 1.245277658329567885e+03
1.149756995397735633e-03 1.387806264689970021e+03
1.291549665014883998e-03 1.545705576330980421e+03
1.450828778495940165e-03 1.720351630779182187e+03
1.629750834620643336e-03 1.913160998006052296e+03
1.830738280295367802e-03 2.125565713320671421e+03
2.056512308348651223e-03 2.358979361259425787e+03
2.310129700083157853e-03 2.614751010243775909e+03
2.595024211399737154e-03 2.894106810324634807e+03
2.915053062825175966e-03 3.198075386673498542e+03
3.274549162877728094e-03 3.527397635402196556e+03
3.678379771828634275e-03 3.882405655753722840e+03
4.132012400115334105e-03 4.262890275178550837e+03
4.641588833612781545e-03 4.667920957862615978e+03
5.214008287999684008e-03 5.095649379485745158e+03
5.857020818056667653e-03 5.543058612540600734e+03
6.579332246575681983e-03 6.005678302169071685e+03
7.390722033525774781e-03 6.477486879025325834e+03
8.302175681319742123e-03 6.949999060374983856e+03
9.326033468832199691e-03 7.412230961159350954e+03
1.047615752789665157e-02 7.850473097526650236e+03
1.176811952434997886e-02 8.247711273427932611e+03
1.321941148466028622e-02 8.584139288029877207e+03
1.484968262254464898e-02 8.837468615241628868e+03
1.668100537200058880e-02 8.984115714878216750e+03
1.873817422860383011e-02 9.002104085550610762e+03
2.104904144512019515e-02 8.874511690335913954e+03
2.364489412645407254e-02 8.594829049499074245e+03
2.656087782946686682e-02 8.172526650077108570e+03
2.983647240283340135e-02 7.637387182170455162e+03
3.351602650938840383e-02 7.039700056137828142e+03
3.764935806792467365e-02 6.443413522711302903e+03
4.229242874389498724e-02 5.910504256761448232e+03
4.750810162102798301e-02 5.477758119679538140e+03
5.336699231206307181e-02 5.131526298791761292e+03
5.994842503189409116e-02 4.794408589763208511e+03
6.734150657750820335e-02 4.354022454692722931e+03
7.564633275546289726e-02 3.758041135126844893e+03
8.497534359086438005e-02 3.110923828378175131e+03
9.545484566618336886e-02 2.612819267650123038e+03
1.072267222010323123e-01 2.332647267632577496e+03
1.204503540258782396e-01 2.082012497692281158e+03
1.353047774579806128e-01 1.690469023456985042e+03
1.519911082952933035e-01 1.353710876589192821e+03
1.707352647470690432e-01 1.187243803036060854e+03
1.917910261672488847e-01 9.632915506402562187e+02
2.154434690031884481e-01 7.714968859088596673e+02
2.420128264794381145e-01 6.454065015286537346e+02
2.718588242732939975e-01 5.079265024824024977e+02
3.053855508833415167e-01 4.131618921467496079e+02
3.430469286314918875e-01 3.290929132227514060e+02
3.853528593710527361e-01 2.596223210524756269e+02
4.328761281083056689e-01 2.053986828625131409e+02
4.862601580065353812e-01 1.615461306875841387e+02
5.462277217684342601e-01 1.263687135388263272e+02
6.135907273413169216e-01 9.842576252410908921e+01
6.892612104349694624e-01 7.637296718306089360e+01
7.742636826811268858e-01 5.904227850624523199e+01
8.697490026177834288e-01 4.548045760680425786e+01
9.770099572992246850e-01 3.492022941847670836e+01
1.097498765493056805e+00 2.672766930112367945e+01
1.232846739442065909e+00 2.039705222237112636e+01
1.384886371393871718e+00 1.552364404377950358e+01
1.555676143930472266e+00 1.178293223322823202e+01
1.747528400007682947e+00 8.921416407130736914e+00
1.963040650040272617e+00 6.739180860880365387e+00
2.205130739903045534e+00 5.079331527637251043e+00
2.477076355991708834e+00 3.820160017308220635e+00
2.782559402207125832e+00 2.867385230092140080e+00
3.125715849688234904e+00 2.148143300610882545e+00
3.511191734215127092e+00 1.606400341172851354e+00
3.944206059437656009e+00 1.199209215496288339e+00
4.430621457583877820e+00 8.937620748149143202e-01
4.977023564332113459e+00 6.650735748694225347e-01
5.590810182512222504e+00 4.941664350469324174e-01
6.280291441834245703e+00 3.666513271697057763e-01
7.054802310718645053e+00 2.716699295266098435e-01
7.924828983539169869e+00 2.010318159992147136e-01
8.902150854450392004e+00 1.485754665674591524e-01
1.000000000000000000e+01 1.096753479713207940e-01
