9.999999999999999124e-05 8.978953061714434996e+06
1.123324032978027678e-04 8.978740714324712753e+06
1.261856883066021025e-04 8.978471240613754839e+06
1.417474162926804591e-04 8.978131365109838545e+06
1.592282793341092296e-04 8.977703923668451607e+06
1.788649529057435297e-04 8.977165543217116967e+06
2.009233002565047864e-04 8.976490358820741996e+06
2.257019719633919052e-04 8.975643408631848171e+06
2.535364493970111472e-04 8.974581440679537132e+06
2.848035868435801633e-04 8.973253650440657511e+06
3.199267137797384393e-04 8.971595088008781895e+06
3.593813663804625697e-04 8.969528796680763364e+06
4.037017258596553842e-04 8.966963880523201078e+06
4.534878508128581853e-04 8.963789830194426700e+06
5.094138014816380119e-04 8.959878780933862552e+06
5.722367659350219510e-04 8.955083857007596642e+06
6.428073117284319269e-04 8.949232871391318738e+06
7.220809018385463849e-04 8.942134208451107144e+06
8.111308307896872294e-04 8.933570253006042913e+06
9.111627561154886628e-04 8.923297682218996808e+06
1.023531021899026696e-03 8.911033615430522710e+06
1.149756995397735633e-03 8.896458140525637195e+06
1.291549665014883998e-03 8.879200847921583802e+06
1.450828778495940165e-03 8.858841503546940163e+06
1.629750834620643336e-03 8.834906775974554941e+06
1.830738280295367802e-03 8.806867328663580120e+06
2.056512308348651223e-03 8.774135434624565765e+06
2.310129700083157853e-03 8.736060641329791397e+06
2.595024211399737154e-03 8.691927970482811332e+06
2.915053062825175966e-03 8.640955457285163924e+06
3.274549162877728094e-03 8.582295506586382166e+06
3.678379771828634275e-03 8.515023936628706753e+06
4.132012400115334105e-03 8.438146667913801968e+06
4.641588833612781545e-03 8.350583684201638214e+06
5.214008287999684008e-03 8.251171234686627984e+06
5.857020818056667653e-03 8.138645504012759775e+06
6.579332246575681983e-03 8.011632597781988792e+06
7.390722033525774781e-03 7.868775217393074185e+06
8.302175681319742123e-03 7.708355288661465049e+06
9.326033468832199691e-03 7.528549495285039768e+06
1.047615752789665157e-02 7.327481335326285101e+06
1.176811952434997886e-02 7.103077527679862455e+06
1.321941148466028622e-02 6.853382053766209632e+06
1.484968262254464898e-02 6.576603734677041881e+06
1.668100537200058880e-02 6.271360186526573263e+06
1.873817422860383011e-02 5.937289555047232658e+06
2.104904144512019515e-02 5.575536457956270315e+06
2.364489412645407254e-02 5.189635359929872677e+06
2.656087782946686682e-02 4.786343201915083453e+06
2.983647240283340135e-02 4.376277232553424314e+06
3.351602650938840383e-02 3.973817577929299325e+06
3.764935806792467365e-02 3.595571865389420185e+06
4.229242874389498724e-02 3.256646344839019701e+06
4.750810162102798301e-02 2.964645732737265062e+06
5.336699231206307181e-02 2.713216681443947833e+06
5.994842503189409116e-02 2.479861048768374138e+06
6.734150657750820335e-02 2.234871216855362989e+06
7.564633275546289726e-02 1.963832770554307848e+06
8.497534359086438005e-02 1.690126281672404846e+06
9.545484566618336886e-02 1.464917205035111168e+06
1.072267222010323123e-01 1.308727196125766030e+06
1.204503540258782396e-01 1.169104000867849216e+06
1.353047774579806128e-01 9.964432651953195455e+05
1.519911082952933035e-01 8.433862619453473017e+05
1.707352647470690432e-01 7.467736308591144625e+05
1.917910261672488847e-01 6.362009822388079483e+05
2.154434690031884481e-01 5.384703544276572065e+05
2.420128264794381145e-01 4.657215734551002970e+05
2.718588242732939975e-01 3.907541064586014254e+05
3.053855508833415167e-01 3.332744150222725584e+05
3.430469286314918875e-01 2.812919864409089787e+05
3.853528593710527361e-01 2.362853577499973180e+05
4.328761281083056689e-01 1.987555013312778319e+05
4.862601580065353812e-01 1.666956584117028688e+05
5.462277217684342601e-01 1.394290239744196879e+05
6.135907273413169216e-01 1.163711674111340399e+05
6.892612104349694624e-01 9.694339725717138208e+04
7.742636826811268858e-01 8.060972271076930338e+04
8.697490026177834288e-01 6.690766228638459870e+04
9.770099572992246850e-01 5.544463326532667270e+04
1.097498765493056805e+00 4.587320417390676448e+04
1.232846739442065909e+00 3.789830474300550122e+04
1.384886371393871718e+00 3.126730617923877071e+04
1.555676143930472266e+00 2.576189928591671560e+04
1.747528400007682947e+00 2.119950165608652242e+04
1.963040650040272617e+00 1.742488267463916418e+04
2.205130739903045534e+00 1.430629413131460387e+04
2.477076355991708834e+00 1.173335499802969025e+04
2.782559402207125832e+00 9.613510810553298143e+03
3.125715849688234904e+00 7.869156567715171150e+03
3.511191734215127092e+00 6.435481126435197439e+03
3.944206059437656009e+00 5.258467234292013927e+03
4.430621457583877820e+00 4.293191115207020630e+03
4.977023564332113459e+00 3.502367185111648723e+03
5.590810182512222504e+00 2.855097995863783581e+03
6.280291441834245703e+00 2.325779811635985880e+03
7.054802310718645053e+00 1.893303859774873899e+03
7.924828983539169869e+00 1.540243917501732540e+03
8.902150854450392004e+00 1.252241884599090326e+03
1.000000000000000000e+01 1.017482047494340463e+03
