9.999999999999999124e-05 8.978955867908600718e+06
1.123324032978027678e-04 8.978743399245608598e+06
1.261856883066021025e-04 8.978473685077393427e+06
1.417474162926804591e-04 8.978133478906381875e+06
1.592282793341092296e-04 8.977705605887686834e+06
1.788649529057435297e-04 8.977166770700449124e+06
2.009233002565047864e-04 8.976490918337587267e+06
2.257019719633919052e-04 8.975643164153238758e+06
2.535364493970111472e-04 8.974580196109334007e+06
2.848035868435801633e-04 8.973251117504285648e+06
3.199267137797384393e-04 8.971590944349566475e+06
3.593813663804625697e-04 8.969522592440878972e+06
4.037017258596553842e-04 8.966955110665030777e+06
4.534878508128581853e-04 8.963777830060727894e+06
5.094138014816380119e-04 8.959862696380635723e+06
5.722367659350219510e-04 8.955062638103192672e+06
6.428073117284319269e-04 8.949205188302081078e+06
7.220809018385463849e-04 8.942098386675855145e+06
8.111308307896872294e-04 8.933524199683202431e+06
9.111627561154886628e-04 8.923238745137108490e+06
1.023531021899026696e-03 8.910958495674397796e+06
1.149756995397735633e-03 8.896362684539051726e+06
1.291549665014883998e-03 8.879079863377727568e+06
1.450828778495940165e-03 8.858688483821401373e+06
1.629750834620643336e-03 8.834713587710065767e+06
1.830738280295367802e-03 8.806623815411437303e+06
2.056512308348651223e-03 8.773828929394558072e+06
2.310129700083157853e-03 8.735675353072211146e+06
2.595024211399737154e-03 8.691444265853052959e+06
2.915053062825175966e-03 8.640348953037990257e+06
3.274549162877728094e-03 8.581535980401279405e+06
3.678379771828634275e-03 8.514074043396951631e+06
4.132012400115334105e-03 8.436960340319365263e+06
4.641588833612781545e-03 8.349104362111738883e+06
5.214008287999684008e-03 8.249329693305951543e+06
5.857020818056667653e-03 8.136357489725732245e+06
6.579332246575681983e-03 8.008796235428145155e+06
7.390722033525774781e-03 7.865269469970925711e+06
8.302175681319742123e-03 7.704035903723213822e+06
9.326033468832199691e-03 7.523247195847472176e+06
1.047615752789665157e-02 7.321002042500375770e+06
1.176811952434997886e-02 7.095203215292428620e+06
1.321941148466028622e-02 6.843877916647741571e+06
1.484968262254464898e-02 6.565230594391386025e+06
1.668100537200058880e-02 6.257895465965076350e+06
1.873817422860383011e-02 5.921562857054471038e+06
2.104904144512019515e-02 5.557478859881835058e+06
2.364489412645407254e-02 5.169345877471449785e+06
2.656087782946686682e-02 4.764166403088909574e+06
2.983647240283340135e-02 4.352876842188448645e+06
3.351602650938840383e-02 3.950213618700549006e+06
3.764935806792467365e-02 3.573090534668419976e+06
4.229242874389498724e-02 3.236719593558887951e+06
4.750810162102798301e-02 2.948421229393752757e+06
5.336699231206307181e-02 2.701035983782360330e+06
5.994842503189409116e-02 2.470849749369258992e+06
6.734150657750820335e-02 2.227082072225086391e+06
7.564633275546289726e-02 1.955306737459420459e+06
8.497534359086438005e-02 1.680503778959542979e+06
9.545484566618336886e-02 1.456016748969781911e+06
1.072267222010323123e-01 1.302511099510348635e+06
1.204503540258782396e-01 1.164750501904004952e+06
1.353047774579806128e-01 9.915770360561935231e+05
1.519911082952933035e-01 8.385696509044577833e+05
1.707352647470690432e-01 7.436154890268059680e+05
1.917910261672488847e-01 6.331515997596043162e+05
2.154434690031884481e-01 5.357200374890024541e+05
2.420128264794381145e-01 4.636307377004242153e+05
2.718588242732939975e-01 3.887965327442066045e+05
3.053855508833415167e-01 3.316959381908582873e+05
3.430469286314918875e-01 2.799651288110867026e+05
3.853528593710527361e-01 2.351360767810700345e+05
4.328761281083056689e-01 1.977975336641411122e+05
4.862601580065353812e-01 1.658968060281022044e+05
5.462277217684342601e-01 1.387612036701161414e+05
6.135907273413169216e-01 1.158137594568710629e+05
6.892612104349694624e-01 9.647928553048134199e+04
7.742636826811268858e-01 8.022393176212234539e+04
8.697490026177834288e-01 6.658745320743719640e+04
9.770099572992246850e-01 5.517932295562193758e+04
1.097498765493056805e+00 4.565370475418645219e+04
1.232846739442065909e+00 3.771697962845838629e+04
1.384886371393871718e+00 3.111771945457328184e+04
1.555676143930472266e+00 2.563865716269889163e+04
1.747528400007682947e+00 2.109809082987996953e+04
1.963040650040272617e+00 1.734153225366398328e+04
2.205130739903045534e+00 1.423786386746977587e+04
2.477076355991708834e+00 1.167723376167389324e+04
2.782559402207125832e+00 9.567530557875214072e+03
3.125715849688234904e+00 7.831520632904094782e+03
3.511191734215127092e+00 6.404703008588305238e+03
3.944206059437656009e+00 5.233318977423132310e+03
4.430621457583877820e+00 4.272659753263355924e+03
4.977023564332113459e+00 3.485618174683273082e+03
5.590810182512222504e+00 2.841444660611711242e+03
6.280291441834245703e+00 2.314657970594618291e+03
7.054802310718645053e+00 1.884250284034388642e+03
7.924828983539169869e+00 1.532878781158314268e+03
8.902150854450392004e+00 1.246254021253869723e+03
1.000000000000000000e+01 1.012616819468604263e+03
