9.999999999999999124e-05 8.978953506610585377e+06
1.123324032978027678e-04 8.978741139994105324e+06
1.261856883066021025e-04 8.978471628160873428e+06
1.417474162926804591e-04 8.978131700232744217e+06
1.592282793341092296e-04 8.977704190368762240e+06
1.788649529057435297e-04 8.977165737823253497e+06
2.009233002565047864e-04 8.976490447526967153e+06
2.257019719633919052e-04 8.975643369872024283e+06
2.535364493970111472e-04 8.974581243364434689e+06
2.848035868435801633e-04 8.973253248867005110e+06
3.199267137797384393e-04 8.971594431069908664e+06
3.593813663804625697e-04 8.969527813055869192e+06
4.037017258596553842e-04 8.966962490143239498e+06
4.534878508128581853e-04 8.963787927684135735e+06
5.094138014816380119e-04 8.959876230876605958e+06
5.722367659350219510e-04 8.955080492946410552e+06
6.428073117284319269e-04 8.949228482493370771e+06
7.220809018385463849e-04 8.942128529239710420e+06
8.111308307896872294e-04 8.933562951677337289e+06
9.111627561154886628e-04 8.923288338289367035e+06
1.023531021899026696e-03 8.911021705887455493e+06
1.149756995397735633e-03 8.896443006861181930e+06
1.291549665014883998e-03 8.879181666940310970e+06
1.450828778495940165e-03 8.858817243683686480e+06
1.629750834620643336e-03 8.834876147760694847e+06
1.830738280295367802e-03 8.806828721888037398e+06
2.056512308348651223e-03 8.774086841053115204e+06
2.310129700083157853e-03 8.735999557437442243e+06
2.595024211399737154e-03 8.691851283584235236e+06
2.915053062825175966e-03 8.640859301642177626e+06
3.274549162877728094e-03 8.582175090729389340e+06
3.678379771828634275e-03 8.514873339835869148e+06
4.132012400115334105e-03 8.437958586637925357e+06
4.641588833612781545e-03 8.350349151356404647e+06
5.214008287999684008e-03 8.250879275320527144e+06
5.857020818056667653e-03 8.138282760493727401e+06
6.579332246575681983e-03 8.011182918744878843e+06
7.390722033525774781e-03 7.868219413539942354e+06
8.302175681319742123e-03 7.707670490099917166e+06
9.326033468832199691e-03 7.527708864713869989e+06
1.047615752789665157e-02 7.326454103331346996e+06
1.176811952434997886e-02 7.101829128226427361e+06
1.321941148466028622e-02 6.851875260664757341e+06
1.484968262254464898e-02 6.574800628397042863e+06
1.668100537200058880e-02 6.269225479524543509e+06
1.873817422860383011e-02 5.934796232429014519e+06
2.104904144512019515e-02 5.572673592672636732e+06
2.364489412645407254e-02 5.186418650004572235e+06
2.656087782946686682e-02 4.782827275422541425e+06
2.983647240283340135e-02 4.372567316931024194e+06
3.351602650938840383e-02 3.970075388344961684e+06
3.764935806792467365e-02 3.592007658179482911e+06
4.229242874389498724e-02 3.253487142589620780e+06
4.750810162102798301e-02 2.962073487681478262e+06
5.336699231206307181e-02 2.711285544405562803e+06
5.994842503189409116e-02 2.478432390532443766e+06
6.734150657750820335e-02 2.233636319962691516e+06
7.564633275546289726e-02 1.962481046806007857e+06
8.497534359086438005e-02 1.688600722799913958e+06
9.545484566618336886e-02 1.463506119985321769e+06
1.072267222010323123e-01 1.307741691457501613e+06
1.204503540258782396e-01 1.168413793842830928e+06
1.353047774579806128e-01 9.956717695397408679e+05
1.519911082952933035e-01 8.426226327806661138e+05
1.707352647470690432e-01 7.462729366596288746e+05
1.917910261672488847e-01 6.357175308295869036e+05
2.154434690031884481e-01 5.380343170958808623e+05
2.420128264794381145e-01 4.653900907700184034e+05
2.718588242732939975e-01 3.904437512383780559e+05
3.053855508833415167e-01 3.330241621091748239e+05
3.430469286314918875e-01 2.810816254267207114e+05
3.853528593710527361e-01 2.361031498742034019e+05
4.328761281083056689e-01 1.986036244113361754e+05
4.862601580065353812e-01 1.665690077493982099e+05
5.462277217684342601e-01 1.393231472372691787e+05
6.135907273413169216e-01 1.162827955316347361e+05
6.892612104349694624e-01 9.686981663229582773e+04
7.742636826811268858e-01 8.054855912139994325e+04
8.697490026177834288e-01 6.685689609633848886e+04
9.770099572992246850e-01 5.540257076776122267e+04
1.097498765493056805e+00 4.583840456955712580e+04
1.232846739442065909e+00 3.786955732192833966e+04
1.384886371393871718e+00 3.124359058654631372e+04
1.555676143930472266e+00 2.574236038630297480e+04
1.747528400007682947e+00 2.118342390684575003e+04
1.963040650040272617e+00 1.741166823573081274e+04
2.205130739903045534e+00 1.429544514542491015e+04
2.477076355991708834e+00 1.172445749468648137e+04
2.782559402207125832e+00 9.606221066447677003e+03
3.125715849688234904e+00 7.863189738087908154e+03
3.511191734215127092e+00 6.430601540306618517e+03
3.944206059437656009e+00 5.254480210589467788e+03
4.430621457583877820e+00 4.289936057524821081e+03
4.977023564332113459e+00 3.499711784305131459e+03
5.590810182512222504e+00 2.852933385745768646e+03
6.280291441834245703e+00 2.324016546528623167e+03
7.054802310718645053e+00 1.891868499015743964e+03
7.924828983539169869e+00 1.539076243204193815e+03
8.902150854450392004e+00 1.251292564206449242e+03
1.000000000000000000e+01 1.016710710556037384e+03
